1	0.401553
2	0.543030	0.000464
0	0.913747	znbzrp
2	0.997578	0.000601
1	0.351201
4	0.072294	0.073027
4	0.550815	0.551129
2	0.952453	0.000797
4	0.298768	0.298846
2	0.500833	0.000955
2	0.619740	0.000049
3	0.081486	32
3	0.970366	31
1	0.756475
2	0.123083	0.000866
0	0.291517	y
3	0.863509	90
0	0.748054	lhu
3	0.251597	72
4	0.728360	0.729053
4	0.123070	0.123580
0	0.373421	hpqeyc
2	0.673945	0.000938
0	0.497648	c
2	0.901588	0.000296
4	0.771086	0.772026
1	0.247002
1	0.868999
1	0.609300
3	0.890053	58
3	0.941783	73
1	0.307705
2	0.632159	0.000070
2	0.570328	0.000814
0	0.470991	gi
3	0.512140	2
3	0.272531	33
3	0.612877	17
3	0.803997	3
0	0.657113	rukgl
4	0.298902	0.299746
2	0.124302	0.000679
1	0.621572
3	0.106412	93
2	0.880265	0.000884
3	0.453574	64
0	0.110270	enrlbfoe
3	0.554105	11
1	0.054076
1	0.018441
4	0.659592	0.660255
0	0.761314	ksm
2	0.953049	0.000452
4	0.359613	0.360525
3	0.356491	31
0	0.015170	dc
4	0.430288	0.430676
3	0.335820	1
2	0.776906	0.000676
3	0.581941	89
0	0.808456	leevbd
3	0.511985	76
0	0.777189	seguh
0	0.122101	zccko
4	0.925749	0.926731
0	0.240677	qsgfm
4	0.475898	0.476702
4	0.733516	0.734291
0	0.070728	uk
4	0.422864	0.422967
0	0.666491	nvdmcpg
3	0.083428	60
0	0.847329	ysqhguz
0	0.261652	rqm
1	0.327828
4	0.121057	0.122006
4	0.984605	0.984971
2	0.742109	0.000792
1	0.627745
0	0.098350	vvbain
2	0.705820	0.000677
3	0.852425	68
3	0.950780	37
0	0.589786	d
0	0.752291	tbqt
3	0.907856	29
1	0.985108
4	0.666560	0.667217
2	0.888729	0.000381
4	0.312488	0.313389
2	0.169998	0.000271
0	0.440622	rbw
2	0.864418	0.000607
4	0.235429	0.236213
4	0.285347	0.286129
3	0.207079	65
1	0.197985
2	0.242154	0.000326
2	0.415565	0.000668
3	0.733730	48
1	0.335389
2	0.440593	0.000090
0	0.381062	cld
4	0.394631	0.394907
1	0.129341
2	0.170900	0.000198
4	0.605982	0.606043
4	0.802820	0.803494
4	0.175761	0.176211
1	0.762268
1	0.878436
1	0.525032
0	0.060347	gyufct
2	0.873433	0.000110
4	0.678509	0.679402
2	0.703773	0.000344
1	0.754130
0	0.657458	ue
0	0.612375	xgpkopy
2	0.759324	0.000088
1	0.226593
3	0.409118	86
0	0.007006	mrf
4	0.432373	0.432745
1	0.327117
2	0.546482	0.000891
1	0.335022
2	0.138818	0.000033
4	0.720730	0.721146
0	0.638239	jdb
3	0.098816	46
0	0.900284	joflerio
2	0.883528	0.000814
2	0.831731	0.000424
1	0.116897
2	0.276737	0.000455
1	0.717464
0	0.272220	lyd
1	0.871381
2	0.972089	0.000021
0	0.324673	nfvyk
4	0.868214	0.868579
2	0.136930	0.000479
4	0.646522	0.647202
1	0.136915
3	0.059062	27
3	0.415727	65
2	0.504209	0.000378
3	0.406795	99
1	0.283862
2	0.094918	0.000291
3	0.499324	77
1	0.486011
3	0.477002	6
3	0.145318	51
1	0.200383
3	0.770585	6
2	0.827848	0.000101
2	0.505508	0.000826
2	0.192053	0.000555
3	0.082979	61
3	0.660433	90
2	0.978985	0.000713
0	0.421192	ftrqfkd
0	0.292074	mungxxb
3	0.581757	79
1	0.032284
1	0.074228
3	0.264836	76
4	0.966938	0.967041
2	0.078466	0.000249
3	0.152304	14
1	0.879599
2	0.015637	0.000547
1	0.879260
4	0.941028	0.941369
1	0.751458
4	0.894792	0.894940
1	0.402369
3	0.584069	94
3	0.523019	78
1	0.777115
0	0.112487	daoe
3	0.430686	13
4	0.286759	0.287476
2	0.560544	0.000051
2	0.356638	0.000038
2	0.907948	0.000774
3	0.813105	55
2	0.192263	0.000151
2	0.520735	0.000567
2	0.822212	0.000364
3	0.779560	68
2	0.639399	0.000904
0	0.184067	kugkqjl
0	0.097335	wlfqesjd
2	0.170673	0.000124
1	0.313181
3	0.074930	85
2	0.706765	0.000365
4	0.337032	0.337256
0	0.495381	vghj
4	0.395983	0.396773
0	0.168128	qzczgn
2	0.759946	0.000926
0	0.881455	y
4	0.478370	0.479344
3	0.979895	48
3	0.042355	29
4	0.835097	0.835722
4	0.742172	0.742804
1	0.700439
4	0.224802	0.224990
0	0.025159	cbe
1	0.784552
2	0.773752	0.000380
0	0.751368	b
3	0.050679	12
3	0.609968	49
3	0.424831	77
3	0.627188	74
1	0.651195
1	0.539061
4	0.163951	0.164308
1	0.531899
2	0.586736	0.000210
0	0.312762	iyrwex
4	0.420271	0.421239
1	0.495501
0	0.531864	wnucpgdj
4	0.004166	0.004350
0	0.449730	vy
4	0.379618	0.380025
1	0.436093
4	0.411563	0.411721
1	0.119590
2	0.772616	0.000278
4	0.794761	0.795413
2	0.378890	0.000678
0	0.668100	pow
3	0.632017	21
2	0.946686	0.000336
2	0.520212	0.000286
2	0.355348	0.000404
3	0.899926	46
4	0.721568	0.722055
2	0.773659	0.000706
1	0.013220
1	0.917461
2	0.767332	0.000066
2	0.606411	0.000293
4	0.011461	0.012368
0	0.139549	nxngy
1	0.222911
1	0.952327
2	0.095669	0.000244
0	0.853006	nmu
2	0.492197	0.000520
4	0.629936	0.630724
0	0.194914	vxcns
1	0.620003
3	0.397523	11
4	0.660293	0.660573
3	0.656210	29
2	0.477495	0.000876
3	0.349481	45
3	0.728146	52
4	0.562278	0.563042
4	0.114730	0.115415
4	0.164749	0.164765
0	0.629488	yme
0	0.733119	pw
0	0.364103	xift
3	0.483940	82
2	0.702059	0.000703
3	0.165286	7
4	0.990363	0.990905
0	0.668896	ypdqow
0	0.304969	cb
3	0.767685	39
2	0.544945	0.000571
1	0.621437
4	0.114218	0.114631
0	0.307933	tkc
4	0.262669	0.263387
1	0.591465
2	0.565332	0.000027
4	0.978351	0.979317
2	0.317471	0.000783
3	0.289972	61
1	0.126011
4	0.058668	0.059217
3	0.667287	13
0	0.701747	vgnyhfs
2	0.388250	0.000669
2	0.902784	0.000036
2	0.739988	0.000300
4	0.002898	0.002996
4	0.793521	0.794250
0	0.854415	m
2	0.097794	0.000486
0	0.141965	ipkh
4	0.753724	0.753867
3	0.993009	21
1	0.753833
2	0.726653	0.000622
2	0.994304	0.000468
4	0.777995	0.778435
0	0.947700	jgmofy
0	0.913382	ewb
2	0.751827	0.000104
0	0.828878	meqiubo
0	0.934323	ag
1	0.936210
3	0.500025	6
1	0.184903
2	0.314134	0.000127
1	0.746600
3	0.361098	9
1	0.734908
0	0.582774	ktqj
3	0.252007	67
1	0.771265
4	0.872246	0.872448
3	0.175761	56
0	0.450235	ewjes
3	0.660901	90
3	0.158606	50
4	0.916089	0.916446
4	0.923125	0.923730
0	0.497500	lybjwdgf
3	0.941263	22
3	0.147477	2
4	0.043306	0.043436
4	0.779311	0.779574
4	0.392288	0.393177
3	0.534055	20
1	0.829541
1	0.464488
2	0.884966	0.000307
3	0.204682	66
0	0.080031	ntoppt
0	0.983162	jh
0	0.542040	ytporf
0	0.033112	tinvjysv
3	0.825896	37
1	0.429457
3	0.690638	9
1	0.258569
3	0.224590	61
4	0.693710	0.694311
1	0.367068
1	0.174921
4	0.757717	0.757932
1	0.440938
4	0.569390	0.569880
0	0.263804	qh
4	0.401582	0.401717
0	0.114367	qov
1	0.904695
2	0.173136	0.000754
2	0.339849	0.000876
4	0.274760	0.274953
3	0.868130	68
1	0.420012
0	0.574431	imsjjqtn
2	0.028354	0.000981
2	0.823334	0.000904
2	0.300902	0.000212
4	0.967416	0.967837
3	0.741707	58
4	0.821005	0.821926
3	0.187819	33
2	0.967443	0.000269
3	0.548704	68
4	0.902624	0.903435
2	0.901842	0.000013
3	0.565688	92
4	0.411361	0.411740
0	0.645188	emb
3	0.171386	8
3	0.867496	10
0	0.113933	hjbk
0	0.255361	nxdgl
0	0.478042	khemd
0	0.900437	g
0	0.503279	pdd
2	0.137984	0.000487
3	0.633478	97
4	0.073285	0.074066
4	0.321968	0.322867
0	0.180501	rcersa
4	0.671594	0.671779
0	0.842541	tzenhtyu
0	0.052301	iefaxkq
1	0.188339
2	0.174738	0.000148
4	0.677400	0.678299
0	0.401011	ugg
2	0.349863	0.000346
3	0.364479	29
2	0.254891	0.000025
2	0.843325	0.000264
1	0.906473
0	0.776995	ukxde
3	0.456445	63
4	0.426510	0.427323
3	0.454402	1
2	0.115732	0.000743
2	0.565278	0.000495
3	0.592619	64
0	0.761918	yztdeb
1	0.099605
0	0.462978	no
4	0.923813	0.924155
0	0.285720	qzoolxu
2	0.581328	0.000338
1	0.325360
4	0.035588	0.036186
0	0.837745	pkhmrx
0	0.982703	xpihfj
2	0.820820	0.000365
0	0.560465	mnciy
0	0.833628	yycp
2	0.704901	0.000627
2	0.529452	0.000118
0	0.433898	ygqhsiqp
4	0.397898	0.398412
4	0.874145	0.874397
2	0.158739	0.000354
2	0.060647	0.000966
3	0.720442	53
0	0.209031	iujejei
3	0.628896	41
4	0.759760	0.760624
4	0.592367	0.593355
2	0.392429	0.000317
0	0.634859	ndsqmhj
0	0.338942	pcmrv
4	0.534258	0.534954
4	0.828182	0.828959
4	0.364442	0.365393
1	0.341422
1	0.109929
3	0.969866	61
3	0.805950	27
1	0.227539
1	0.023475
1	0.053404
2	0.253017	0.000769
1	0.872842
3	0.747241	34
0	0.154924	fwv
2	0.898323	0.000825
3	0.120731	21
2	0.445255	0.000305
0	0.366813	hnsrquxb
2	0.455346	0.000096
3	0.634359	13
3	0.604061	14
1	0.014888
1	0.014888
1	0.183100
4	0.493319	0.494214
1	0.675793
0	0.403571	vcuhk
3	0.527848	99
4	0.432599	0.433152
2	0.387212	0.000831
4	0.008717	0.008980
0	0.984317	th
2	0.589552	0.000260
0	0.450376	y
2	0.113370	0.000337
3	0.172544	40
2	0.016676	0.000424
1	0.180326
2	0.399501	0.000825
3	0.697433	40
2	0.339126	0.000893
2	0.613114	0.000078
0	0.386728	eawq
0	0.349991	tblrwdil
1	0.778065
3	0.926699	96
3	0.240590	84
2	0.591613	0.000735
1	0.025482
3	0.800456	58
3	0.631216	5
2	0.038839	0.000951
3	0.858306	11
0	0.628350	zmr
0	0.650829	gvuph
2	0.511461	0.000306
1	0.803626
2	0.572211	0.000218
2	0.506312	0.000810
2	0.935511	0.000675
4	0.650705	0.651019
3	0.274746	24
3	0.720045	52
1	0.006847
4	0.359493	0.360485
1	0.741558
0	0.412250	aeptdre
0	0.371593	torzvux
1	0.584270
3	0.093348	16
2	0.929157	0.000612
2	0.073013	0.000024
0	0.216606	efbsph
3	0.240104	58
0	0.925472	whdxnowg
2	0.749831	0.000909
4	0.810133	0.810534
0	0.750382	rxcczao
3	0.937064	59
0	0.565108	klx
2	0.901384	0.000059
3	0.583813	59
0	0.015508	xj
1	0.557498
1	0.821699
3	0.277774	21
3	0.278283	92
1	0.392834
3	0.876533	92
3	0.896139	4
2	0.262415	0.000984
4	0.829111	0.829269
0	0.330969	lwatlkd
3	0.739563	69
0	0.679620	bjlht
1	0.233449
0	0.604788	nybvr
0	0.457425	yxmop
1	0.640179
3	0.614818	42
4	0.034773	0.035040
2	0.780284	0.000862
0	0.884337	hjicxshd
4	0.245845	0.246474
0	0.332332	hx
2	0.233389	0.000703
4	0.848348	0.848723
2	0.706951	0.000114
3	0.239895	41
1	0.653787
3	0.243330	44
1	0.546135
2	0.687388	0.000732
4	0.672703	0.673329
0	0.379673	jtvew
2	0.029992	0.000501
4	0.290517	0.291140
3	0.458584	15
3	0.948448	44
0	0.940727	vtzk
1	0.546236
4	0.684614	0.685451
3	0.857741	22
0	0.693191	q
0	0.572091	gsicgowk
1	0.489729
4	0.032288	0.032536
0	0.478102	e
4	0.206472	0.206705
0	0.804167	sm
3	0.380225	6
4	0.517479	0.517883
0	0.674739	qbzmfys
1	0.382155
3	0.512233	96
0	0.876473	jmjkdiuc
4	0.987123	0.987263
4	0.602853	0.603740
1	0.931768
3	0.912039	34
2	0.032640	0.000127
0	0.326513	fedurh
1	0.708809
4	0.868030	0.868744
2	0.529465	0.000003
4	0.179640	0.179926
1	0.674866
2	0.043134	0.000033
0	0.386035	plcjcr
3	0.568535	80
2	0.600075	0.000010
1	0.716576
0	0.410872	y
3	0.123849	87
1	0.314628
2	0.668448	0.000727
3	0.939813	98
0	0.467882	kuid
4	0.492880	0.493551
3	0.854269	98
0	0.195299	wxyjg
1	0.714674
3	0.287182	99
1	0.505911
2	0.731001	0.000413
3	0.817583	82
0	0.515142	itg
4	0.063262	0.063602
2	0.345297	0.000346
3	0.027866	1
3	0.497740	36
0	0.013970	ck
0	0.219759	jlicic
0	0.720174	wyndg
3	0.326972	66
3	0.931055	53
4	0.173090	0.173293
0	0.715112	dw
3	0.885596	70
0	0.076007	mkdyncle
1	0.435157
0	0.961506	z
4	0.090680	0.091246
3	0.712598	43
2	0.664341	0.000715
2	0.166217	0.000241
1	0.718627
4	0.404446	0.405360
4	0.714168	0.714412
3	0.318892	43
2	0.422420	0.000110
2	0.131078	0.000942
1	0.217281
3	0.655597	73
4	0.370225	0.370834
0	0.619155	sosiyby
3	0.590619	47
1	0.998595
4	0.086206	0.086673
0	0.110293	rchjvkbs
2	0.992013	0.000930
3	0.473392	21
3	0.138949	77
2	0.597742	0.000696
2	0.795706	0.000386
4	0.995216	0.995322
4	0.835867	0.835908
2	0.431816	0.000190
4	0.291517	0.291671
3	0.887400	7
0	0.759681	j
1	0.273632
1	0.857866
1	0.800743
3	0.826719	92
3	0.401647	22
0	0.550089	prn
0	0.109704	pp
2	0.029770	0.000396
1	0.091342
1	0.481745
3	0.914774	84
2	0.747442	0.000042
1	0.069358
3	0.177791	50
0	0.934478	thyh
3	0.653360	25
0	0.936375	mjimed
2	0.998202	0.000820
1	0.691230
3	0.384778	83
3	0.006417	48
1	0.095173
0	0.364197	uu
3	0.419104	97
1	0.930804
4	0.952150	0.952373
3	0.159394	97
4	0.101369	0.102164
1	0.429178
4	0.415188	0.416125
3	0.664305	31
3	0.253813	36
0	0.222147	jlfmdjh
3	0.526059	18
1	0.668154
3	0.792053	49
0	0.302262	fzkl
0	0.500144	jhn
1	0.442570
1	0.312250
4	0.276812	0.276879
2	0.012242	0.000327
3	0.007325	86
2	0.413177	0.000606
3	0.787862	19
1	0.130188
0	0.304827	kyhohrff
2	0.867286	0.000034
2	0.823866	0.000552
3	0.011569	76
4	0.165561	0.165911
0	0.153097	kvnemvi
0	0.657875	sxgom
3	0.312281	9
0	0.020231	utrrk
3	0.063744	19
2	0.636032	0.000195
4	0.308736	0.308853
0	0.727029	ffbwwd
2	0.977579	0.000585
1	0.076433
3	0.340179	17
3	0.332570	43
1	0.665082
4	0.058060	0.058227
1	0.478891
1	0.552626
2	0.792923	0.000307
2	0.048182	0.000562
3	0.926337	62
3	0.533158	30
0	0.741692	zo
3	0.717152	26
4	0.843809	0.843908
2	0.615527	0.000707
0	0.635123	cjeiswc
4	0.104464	0.105176
0	0.783129	ghpi
4	0.946746	0.947503
2	0.445999	0.000500
0	0.962840	twrf
4	0.067836	0.068505
1	0.243102
1	0.260657
4	0.852097	0.852712
3	0.878548	7
4	0.042003	0.042294
3	0.937458	8
1	0.129204
2	0.682656	0.000543
4	0.420866	0.421597
4	0.427279	0.428194
0	0.447147	ykit
0	0.011572	kckq
3	0.356481	52
2	0.266019	0.000463
4	0.324895	0.325408
0	0.611895	ftbnhuhb
2	0.585571	0.000489
2	0.530243	0.000606
0	0.796260	sr
4	0.698542	0.699349
4	0.659224	0.660221
2	0.313073	0.000682
1	0.104717
3	0.366909	15
1	0.705450
1	0.067235
2	0.070584	0.000327
4	0.103999	0.104706
0	0.321016	t
3	0.617382	10
2	0.666071	0.000367
3	0.984306	63
2	0.490645	0.000119
2	0.020088	0.000800
3	0.559788	82
2	0.018813	0.000911
0	0.746454	p
4	0.434914	0.435352
0	0.076990	mwnldb
4	0.251423	0.252270
1	0.077757
0	0.283395	tufwi
3	0.533412	37
1	0.812151
0	0.459492	ieu
2	0.059068	0.000055
1	0.601670
0	0.573878	rpzbv
0	0.551811	jmc
4	0.646699	0.647072
3	0.437232	20
4	0.719320	0.719735
4	0.673745	0.674571
3	0.434409	31
2	0.476920	0.000502
4	0.255581	0.256321
0	0.811925	r
2	0.779744	0.000344
4	0.246730	0.246741
2	0.368660	0.000321
0	0.697462	wilu
4	0.317409	0.317800
3	0.851764	60
2	0.848223	0.000156
4	0.981884	0.982440
4	0.940858	0.940921
2	0.710587	0.000453
4	0.757185	0.757346
4	0.539928	0.539963
3	0.363550	52
3	0.068489	88
2	0.885834	0.000176
3	0.636972	57
3	0.533982	38
4	0.793998	0.794226
3	0.571978	96
0	0.668265	qbkfi
1	0.927059
0	0.548930	fyjixwj
0	0.185713	ewt
4	0.651475	0.652043
2	0.847297	0.000543
2	0.848722	0.000496
0	0.725551	j
0	0.992362	tzpqhm
1	0.679859
0	0.133869	qrtnu
2	0.874886	0.000763
2	0.635622	0.000794
2	0.333020	0.000215
3	0.086405	22
4	0.511991	0.512052
4	0.324988	0.325783
0	0.734593	rulpjbt
0	0.631932	uhv
2	0.352027	0.000945
2	0.526399	0.000673
1	0.731643
4	0.683014	0.683481
3	0.624797	79
3	0.063929	48
2	0.812481	0.000815
0	0.240375	rsjrelu
2	0.752408	0.000616
3	0.910583	97
1	0.951974
1	0.180708
0	0.646390	cccs
2	0.333822	0.000160
3	0.799338	48
0	0.646673	rl
3	0.804831	60
1	0.927556
3	0.948406	76
0	0.274674	aabx
1	0.098035
3	0.712111	84
2	0.960255	0.000639
4	0.181667	0.182338
2	0.455241	0.000118
3	0.737052	52
2	0.117519	0.000033
2	0.903599	0.000459
2	0.760428	0.000743
0	0.746559	vojvoxj
0	0.240252	jpalift
4	0.559188	0.559833
3	0.563502	95
2	0.517445	0.000420
4	0.557779	0.557909
3	0.043727	83
0	0.275694	kotpc
4	0.205197	0.206030
4	0.758977	0.759066
3	0.123661	20
1	0.852864
2	0.672968	0.000245
1	0.834252
2	0.653634	0.000970
2	0.464379	0.000365
4	0.599586	0.600276
2	0.459861	0.000081
2	0.609535	0.000239
3	0.389430	97
1	0.100579
4	0.229836	0.230436
3	0.098411	42
1	0.936970
4	0.769328	0.770123
1	0.642115
4	0.236026	0.236253
4	0.990231	0.990681
3	0.110211	37
4	0.535178	0.535869
4	0.865719	0.866292
1	0.750946
1	0.957800
2	0.904482	0.000627
2	0.883304	0.000492
4	0.855152	0.855225
1	0.140012
1	0.693208
3	0.061657	20
4	0.935775	0.936147
2	0.353449	0.000522
0	0.507775	zoctymxg
0	0.847091	teaj
3	0.515167	84
1	0.725659
0	0.488282	uktee
4	0.862919	0.863111
2	0.113357	0.000756
3	0.920926	33
2	0.109542	0.000454
4	0.221254	0.221335
4	0.252472	0.252719
3	0.369581	78
3	0.304941	17
3	0.737612	42
1	0.541937
3	0.872535	18
4	0.947148	0.947167
0	0.352616	ameikj
3	0.036544	81
2	0.626069	0.000874
2	0.299917	0.000364
2	0.876989	0.000062
1	0.234051
3	0.399023	100
3	0.754991	11
1	0.857375
4	0.886846	0.887710
0	0.388087	r
4	0.764595	0.764770
1	0.447533
2	0.683804	0.000207
4	0.072498	0.072908
4	0.303195	0.303685
4	0.436601	0.436895
4	0.176351	0.176481
1	0.759091
1	0.258421
1	0.433114
2	0.805446	0.000929
2	0.164451	0.000373
2	0.945692	0.000394
4	0.568074	0.568443
3	0.105779	42
3	0.303681	80
3	0.698557	14
0	0.779015	jpifa
0	0.354664	zkzibxhy
2	0.201578	0.000474
3	0.503188	55
4	0.899369	0.900218
3	0.785162	7
0	0.566384	ihkbhypn
0	0.767986	cbv
3	0.815633	2
2	0.672744	0.000935
3	0.120063	31
0	0.880151	xrx
0	0.358881	bcrrvhy
3	0.078779	80
3	0.668707	45
3	0.009819	100
1	0.623502
0	0.915450	o
0	0.151925	inw
2	0.278132	0.000236
2	0.133799	0.000348
4	0.627093	0.627968
3	0.622600	81
3	0.613804	16
0	0.058296	zb
3	0.224603	25
4	0.065284	0.065819
4	0.723838	0.724676
2	0.540393	0.000584
2	0.185764	0.000497
4	0.010371	0.011245
0	0.392652	ln
0	0.893863	xl
1	0.386588
2	0.108564	0.000761
0	0.595790	lmovuh
2	0.402891	0.000982
0	0.255488	gvmfnko
3	0.553588	93
4	0.055128	0.055293
0	0.867147	kmca
1	0.488029
4	0.344513	0.344541
2	0.267045	0.000290
3	0.685397	82
1	0.261309
0	0.360122	ggmxushy
1	0.434595
1	0.652066
4	0.833676	0.834032
1	0.310903
4	0.673138	0.673236
0	0.346335	xutqfohe
3	0.447913	30
4	0.286498	0.286740
1	0.922915
3	0.467377	3
1	0.608840
1	0.794226
0	0.142307	m
3	0.012014	98
4	0.276408	0.276939
0	0.626844	t
4	0.905626	0.905729
4	0.777083	0.777218
2	0.049983	0.000826
1	0.257204
1	0.256512
0	0.288384	kdkjvgrd
1	0.845802
3	0.017513	36
3	0.604593	42
2	0.154976	0.000864
0	0.595167	zp
2	0.962611	0.000244
1	0.951708
2	0.109503	0.000489
0	0.196643	gbm
4	0.551415	0.552391
1	0.463144
0	0.671175	trtrm
2	0.553298	0.000210
1	0.619857
0	0.672038	yf
0	0.622327	lxcff
4	0.928819	0.929470
3	0.677866	14
2	0.454945	0.000969
1	0.248033
2	0.702974	0.000874
4	0.767973	0.768061
4	0.127241	0.128022
1	0.142869
4	0.981362	0.982118
2	0.265895	0.000894
4	0.282188	0.283129
4	0.682738	0.682995
4	0.314862	0.315254
0	0.198194	trkvq
4	0.580226	0.580851
3	0.551383	17
1	0.371154
1	0.629848
3	0.481699	14
1	0.828824
1	0.811180
4	0.030334	0.030490
1	0.827831
0	0.485642	eamjqv
1	0.261375
3	0.637966	24
3	0.769752	83
1	0.880786
1	0.577015
1	0.582070
4	0.380952	0.381490
4	0.834340	0.835018
4	0.162496	0.162707
3	0.041785	91
3	0.572164	75
3	0.077135	37
1	0.489390
2	0.954177	0.000761
3	0.219791	69
1	0.575454
0	0.112026	acesxcy
1	0.309233
2	0.567985	0.000048
2	0.544788	0.000762
2	0.584787	0.000787
4	0.196317	0.197176
4	0.591133	0.591926
2	0.433661	0.000395
0	0.486907	bleof
1	0.654214
2	0.890444	0.000297
3	0.645063	9
1	0.426263
2	0.785835	0.000865
3	0.399506	94
0	0.426876	geo
3	0.129767	23
1	0.434751
3	0.515104	3
4	0.613362	0.613651
4	0.595371	0.595396
1	0.525351
4	0.686551	0.686861
1	0.014691
4	0.219169	0.219404
0	0.213765	e
4	0.916545	0.917213
0	0.856245	umlk
3	0.662158	84
2	0.583391	0.000712
2	0.802713	0.000207
1	0.875939
0	0.632952	gugztlw
1	0.555698
4	0.974886	0.975364
1	0.533835
0	0.756960	xv
1	0.985283
4	0.408047	0.408402
1	0.823261
1	0.315935
3	0.572459	36
2	0.430774	0.000776
2	0.445034	0.000905
0	0.404960	o
1	0.717350
1	0.523053
4	0.113097	0.113260
3	0.632120	51
2	0.570536	0.000373
1	0.655459
4	0.419869	0.419900
0	0.845308	ue
3	0.539442	55
2	0.400562	0.000140
2	0.588628	0.000492
3	0.115300	11
1	0.931564
3	0.148720	42
1	0.960433
3	0.623698	28
3	0.284519	91
1	0.381863
1	0.089719
2	0.898057	0.000593
2	0.212846	0.000473
0	0.267186	orc
1	0.327859
0	0.394205	c
1	0.267664
4	0.006316	0.006436
0	0.874850	uvcdb
3	0.553831	25
2	0.535628	0.000839
4	0.046562	0.047365
3	0.374048	50
4	0.346560	0.346738
1	0.527781
4	0.930995	0.931517
0	0.470647	fw
1	0.772620
4	0.549150	0.550005
1	0.770733
2	0.322299	0.000399
3	0.175478	56
0	0.381566	wbapw
4	0.725143	0.725211
2	0.843146	0.000160
0	0.717805	pielqss
4	0.179402	0.179713
1	0.283833
4	0.688099	0.688146
4	0.012410	0.012909
3	0.318372	20
3	0.219174	73
0	0.896566	y
0	0.065569	kgjegnds
4	0.446962	0.447714
2	0.272984	0.000831
1	0.525621
3	0.508027	10
0	0.770176	fny
0	0.364886	ph
2	0.381528	0.000305
3	0.138176	55
4	0.134310	0.134499
2	0.947722	0.000352
3	0.229686	80
4	0.768842	0.768987
3	0.070040	57
3	0.088530	55
3	0.820148	80
1	0.945943
2	0.607455	0.000731
3	0.817161	73
2	0.538233	0.000280
0	0.869703	evl
0	0.285082	usufi
1	0.835807
3	0.349975	6
2	0.760581	0.000711
3	0.231280	68
0	0.628442	nvpaqn
2	0.174821	0.000551
0	0.779010	ug
1	0.616429
0	0.327871	gnxe
0	0.230082	o
3	0.136208	28
1	0.077660
2	0.529248	0.000416
1	0.873246
0	0.039806	syez
0	0.540420	jiayt
0	0.714241	slt
4	0.396303	0.397062
4	0.275654	0.276264
1	0.109177
3	0.172803	15
3	0.528855	81
3	0.858658	85
0	0.720816	trywxmmg
2	0.229033	0.000552
2	0.902648	0.000768
0	0.381549	bnqxkg
3	0.210145	12
2	0.116142	0.000351
2	0.625948	0.000770
0	0.208717	orkczgxl
1	0.269720
0	0.756731	rcz
3	0.221410	9
2	0.975297	0.000915
4	0.429797	0.430396
1	0.280512
2	0.677994	0.000679
2	0.532237	0.000707
1	0.519613
4	0.489828	0.489874
2	0.822221	0.000733
3	0.533158	7
2	0.566592	0.000583
3	0.595048	26
4	0.574147	0.574803
2	0.201284	0.000599
0	0.119268	si
0	0.882842	mjh
1	0.895593
3	0.811021	86
2	0.996728	0.000968
1	0.297934
3	0.601988	58
4	0.094765	0.095108
4	0.864075	0.864604
0	0.387819	h
3	0.514004	62
3	0.015856	19
2	0.244593	0.000893
0	0.836444	o
1	0.045899
2	0.666345	0.000855
1	0.055633
1	0.245148
4	0.071384	0.071571
2	0.704965	0.000073
0	0.070859	ocl
3	0.230166	51
1	0.586299
3	0.042920	30
3	0.593198	92
1	0.316404
3	0.159966	73
4	0.999871	1.000445
1	0.187366
4	0.064732	0.065657
2	0.401820	0.000092
0	0.067723	sls
2	0.234803	0.000812
4	0.858491	0.858978
2	0.858350	0.000614
1	0.283857
1	0.309838
0	0.858506	juczyspi
2	0.241587	0.000456
2	0.949747	0.000197
4	0.936699	0.936855
2	0.841484	0.000339
3	0.614819	3
1	0.754710
4	0.458604	0.459431
1	0.553084
3	0.340091	25
1	0.087016
0	0.743671	idfiy
3	0.456590	58
1	0.778744
4	0.552772	0.553283
4	0.123073	0.123451
1	0.635641
3	0.688575	10
1	0.588057
0	0.513929	af
4	0.433147	0.433538
1	0.613136
1	0.236137
4	0.974265	0.974416
1	0.471195
2	0.661668	0.000802
4	0.829418	0.829627
1	0.728858
0	0.141685	vtqagjr
3	0.328687	23
3	0.866137	55
2	0.616946	0.000585
1	0.995169
3	0.494693	20
4	0.121736	0.121819
4	0.324638	0.324852
2	0.023798	0.000024
1	0.129213
2	0.610004	0.000310
3	0.463016	41
2	0.054494	0.000680
3	0.454243	1
4	0.158332	0.159199
0	0.742476	ll
2	0.905144	0.000320
0	0.101774	iklejja
3	0.818276	26
1	0.198719
0	0.492395	hajg
1	0.612051
4	0.544950	0.545443
4	0.178432	0.178739
1	0.209850
4	0.624209	0.624543
0	0.883490	jnvvvq
1	0.805087
3	0.897732	15
4	0.905077	0.905784
1	0.346475
0	0.699748	qkl
3	0.692395	44
1	0.514514
2	0.457565	0.000778
2	0.484999	0.000055
3	0.754667	5
0	0.937538	zvur
4	0.794865	0.795181
4	0.103219	0.103361
0	0.420676	niyoxzer
4	0.046069	0.046354
1	0.443793
1	0.146503
4	0.367929	0.368400
4	0.240629	0.241189
4	0.801573	0.802394
4	0.910321	0.910378
4	0.588785	0.589587
1	0.568151
0	0.285539	vaopnloi
2	0.214526	0.000723
0	0.498334	jegzqoi
0	0.336120	hxvu
3	0.591582	50
3	0.029956	34
3	0.435093	63
2	0.653886	0.000927
4	0.120109	0.120912
4	0.444995	0.445526
0	0.913957	ro
2	0.231492	0.000025
2	0.419264	0.000871
4	0.239083	0.239851
1	0.515861
4	0.149619	0.149962
2	0.782225	0.000468
1	0.724707
4	0.681311	0.681559
0	0.697804	lb
2	0.569372	0.000523
2	0.054399	0.000192
4	0.617253	0.617410
1	0.962439
1	0.272033
2	0.330576	0.000266
1	0.887416
3	0.798578	36
3	0.872912	2
1	0.189497
3	0.095666	4
1	0.472393
2	0.595113	0.000977
0	0.318834	bx
4	0.906849	0.907183
2	0.893611	0.000927
3	0.107469	42
3	0.364973	31
1	0.020991
2	0.755468	0.000085
3	0.714589	70
3	0.736824	33
3	0.926708	68
4	0.087858	0.088074
4	0.965874	0.966084
1	0.638569
3	0.945514	97
4	0.988080	0.988716
2	0.507272	0.000170
0	0.983228	ne
3	0.639753	56
3	0.144092	89
4	0.929286	0.930187
2	0.259158	0.000218
3	0.259815	94
1	0.604308
3	0.721368	27
2	0.831175	0.000239
0	0.931345	vmty
2	0.998486	0.000603
2	0.610634	0.000413
0	0.524512	k
3	0.501013	79
4	0.099186	0.100053
1	0.108993
0	0.328170	qku
1	0.610297
2	0.627163	0.000172
1	0.605608
1	0.249611
1	0.756734
0	0.138161	nsg
4	0.977831	0.977957
2	0.914315	0.000873
1	0.355749
0	0.743357	ymjtv
2	0.090767	0.000557
1	0.426728
1	0.671309
0	0.654071	ptumrom
2	0.517658	0.000958
3	0.195476	18
2	0.426767	0.000332
4	0.424889	0.425125
0	0.098561	urrjm
0	0.120538	hfhz
3	0.915071	86
2	0.741550	0.000942
2	0.432240	0.000084
0	0.475941	f
4	0.773609	0.773775
3	0.251590	6
2	0.969699	0.000894
4	0.287985	0.288159
1	0.570872
1	0.963994
1	0.525354
3	0.083687	10
4	0.089295	0.089677
1	0.610730
0	0.892965	jxiongv
2	0.337119	0.000362
1	0.049494
2	0.596723	0.000213
2	0.679052	0.000672
2	0.306556	0.000320
0	0.608113	iibjrqg
4	0.097280	0.097608
1	0.037853
1	0.361109
0	0.480770	ru
1	0.515141
1	0.616528
2	0.672190	0.000060
2	0.624809	0.000059
3	0.709940	85
3	0.468665	18
3	0.957687	65
1	0.193117
0	0.583739	zxgiuhjs
1	0.058175
0	0.683486	hjwhh
4	0.787470	0.787525
0	0.494424	m
4	0.325363	0.326357
1	0.530711
3	0.685518	45
3	0.883781	78
3	0.667834	62
0	0.998153	ujygq
1	0.408213
4	0.832493	0.833057
1	0.038165
1	0.487371
2	0.632825	0.000168
3	0.404673	9
0	0.908595	dxmgqbi
3	0.045353	52
1	0.853639
4	0.543171	0.543501
4	0.137429	0.137770
1	0.227643
2	0.429692	0.000455
1	0.054573
1	0.536506
1	0.677164
1	0.900939
3	0.361051	4
4	0.960530	0.960700
2	0.598608	0.000175
3	0.400481	97
0	0.874103	mjrdun
4	0.657942	0.658596