4	0.054999	0.276309	0.055205	0.276628
1	0.759089	0.581882
3	0.258478	0.599930	17
0	0.392924	0.218872	test
3	0.820046	0.020453	85
0	0.998968	0.833696	test
3	0.974011	0.054987	27
2	0.154671	0.653152	0.000958
3	0.691258	0.861928	20
0	0.099244	0.142283	test
0	0.948357	0.050130	test
4	0.618147	0.157817	0.618712	0.157980
3	0.976371	0.065015	25
3	0.145936	0.049175	78
3	0.860089	0.395008	41
0	0.762325	0.957718	test
4	0.660064	0.357367	0.660259	0.357876
3	0.413873	0.879431	99
2	0.837357	0.256043	0.000192
0	0.947939	0.401188	test
1	0.246385	0.958965
3	0.910757	0.393951	10
1	0.011832	0.215088
3	0.973829	0.376395	14
4	0.775473	0.637512	0.775479	0.638208
4	0.357077	0.157651	0.358024	0.157767
0	0.503232	0.398153	test
4	0.598393	0.164770	0.598884	0.165225
2	0.064448	0.390046	0.000435
2	0.367129	0.881975	0.000964
2	0.131903	0.491943	0.000855
1	0.743739	0.209763
3	0.204172	0.623174	16
2	0.543653	0.348971	0.000456
3	0.395089	0.089728	80
1	0.947502	0.827528
0	0.967613	0.889496	test
3	0.877900	0.018671	78
0	0.776706	0.003650	test
2	0.045384	0.856643	0.000369
1	0.225480	0.423993
4	0.502699	0.808195	0.503008	0.809041
4	0.081053	0.218316	0.081614	0.218875
1	0.414936	0.654000
0	0.015430	0.274180	test
2	0.804224	0.225940	0.000549
4	0.125001	0.197117	0.125022	0.197229
0	0.730511	0.087656	test
2	0.098848	0.279136	0.000676
0	0.544619	0.328823	test
3	0.470401	0.415495	61
3	0.260834	0.709859	38
3	0.917727	0.541858	98
2	0.214517	0.977021	0.000986
1	0.434426	0.082527
4	0.213200	0.771101	0.214176	0.771584
2	0.082062	0.761683	0.000272
4	0.508706	0.974343	0.509683	0.974939
3	0.363919	0.502466	15
3	0.785104	0.633420	32
2	0.166062	0.193999	0.000431
0	0.361338	0.252687	test
3	0.645588	0.663847	19
4	0.500845	0.329168	0.501063	0.329892
0	0.552683	0.594441	test
4	0.715435	0.494851	0.715780	0.495040
0	0.155097	0.398128	test
1	0.854391	0.206917
4	0.447208	0.895784	0.447384	0.896294
3	0.943966	0.663281	9
2	0.657278	0.256738	0.000881
1	0.149522	0.749148
2	0.292673	0.810747	0.000870
4	0.824653	0.986029	0.825476	0.986747
3	0.309025	0.896179	62
4	0.090768	0.261725	0.091057	0.262091
4	0.649625	0.045518	0.650146	0.046344
4	0.580345	0.436918	0.581253	0.437645
2	0.345605	0.444474	0.000255
4	0.550689	0.252250	0.551680	0.252882
2	0.647636	0.461888	0.000127
0	0.710106	0.131445	test
2	0.824517	0.750305	0.000217
4	0.538169	0.773596	0.538565	0.773977
3	0.496444	0.698943	17
2	0.576841	0.888900	0.000166
0	0.201955	0.254909	test
1	0.625892	0.992471
0	0.854391	0.206917	test
2	0.083936	0.102614	0.000622
1	0.338826	0.655559
2	0.765680	0.350383	0.000442
2	0.572956	0.408075	0.000056
4	0.660214	0.537280	0.660429	0.538156
0	0.349054	0.680749	test
0	0.182791	0.953397	test
1	0.616893	0.350398
4	0.602297	0.809047	0.602938	0.809853
4	0.087649	0.880181	0.088053	0.880803
4	0.772235	0.641294	0.772292	0.642019
3	0.179437	0.645006	69
3	0.881942	0.144724	82
0	0.309450	0.799412	test
4	0.326256	0.205566	0.327123	0.206039
0	0.858755	0.820292	test
1	0.423457	0.992330
4	0.817348	0.081821	0.818193	0.082587
1	0.278883	0.753354
3	0.316832	0.493510	56
2	0.072233	0.682444	0.000566
0	0.601731	0.059426	test
4	0.541569	0.310204	0.542459	0.310267
1	0.349054	0.680749
2	0.341667	0.239100	0.000884
0	0.029047	0.217996	test
0	0.564959	0.910013	test
4	0.481786	0.461137	0.481969	0.461431
4	0.090701	0.364458	0.090760	0.365263
0	0.428125	0.297748	test
4	0.119642	0.012925	0.120277	0.013675
4	0.693598	0.373081	0.693977	0.373565
4	0.114911	0.103184	0.114935	0.103317
4	0.456980	0.005557	0.457618	0.005987
0	0.249928	0.433211	test
0	0.635223	0.429325	test
2	0.015479	0.875235	0.000432
2	0.813524	0.397762	0.000827
0	0.916355	0.910800	test
2	0.856296	0.638463	0.000424
4	0.657624	0.614880	0.658344	0.615362
2	0.211011	0.233354	0.000392
1	0.523835	0.790655
4	0.799467	0.285640	0.799992	0.286564
0	0.106945	0.554168	test
1	0.844574	0.560176
3	0.934442	0.358739	79
2	0.223204	0.513059	0.000467
0	0.728998	0.261626	test
1	0.537296	0.326312
1	0.245356	0.644873
1	0.917749	0.638660
3	0.579539	0.697617	88
2	0.402450	0.284604	0.000703
1	0.841722	0.412040
0	0.416125	0.367614	test
4	0.570763	0.075622	0.571442	0.076361
2	0.639141	0.447005	0.000152
0	0.307786	0.357863	test
2	0.867579	0.266020	0.000846
2	0.026031	0.676710	0.000183
4	0.592866	0.520052	0.593235	0.520627
3	0.175704	0.101226	6
4	0.513731	0.299018	0.514605	0.299747
3	0.391502	0.521986	16
0	0.752150	0.308516	test
3	0.447691	0.722308	50
3	0.536475	0.234208	47
3	0.208142	0.922596	83
1	0.182791	0.953397
4	0.274313	0.083831	0.274425	0.084161
3	0.282782	0.415397	80
4	0.875985	0.419935	0.876261	0.420740
2	0.605783	0.963650	0.000789
4	0.316671	0.049524	0.317083	0.050208
0	0.786093	0.196616	test
0	0.303706	0.247953	test
1	0.916044	0.253702
4	0.506845	0.927235	0.507355	0.927490
3	0.684775	0.407967	73
2	0.557858	0.853087	0.000695
4	0.568543	0.591942	0.569469	0.592931
0	0.402493	0.919954	test
0	0.274193	0.058170	test
2	0.027515	0.061114	0.000037
0	0.985508	0.150713	test
3	0.409738	0.196702	20
1	0.157497	0.220617
4	0.448199	0.298816	0.448600	0.298928
3	0.567774	0.379518	45
2	0.217581	0.757581	0.000129
3	0.820624	0.963916	6
1	0.584279	0.673443
0	0.601072	0.685139	test
1	0.547666	0.926271
2	0.856375	0.221110	0.000970
3	0.203123	0.494979	19
4	0.952339	0.762299	0.952380	0.763040
1	0.609560	0.019454
3	0.345846	0.458322	38
1	0.555040	0.174705
3	0.894626	0.698320	53
2	0.113161	0.541073	0.000173
1	0.812745	0.476976
2	0.043788	0.661095	0.000975
3	0.179573	0.127431	97
0	0.476449	0.168926	test
1	0.447088	0.520246
3	0.613628	0.542802	64
2	0.995154	0.513140	0.000273
4	0.857416	0.598774	0.857835	0.599653